RBD mutation site	Number of associated antibodies/plasma
484	107
417	85
439	60
501	60
490	30
452	28
486	21
444	20
450	18
475	18
493	18
445	15
446	15
494	15
485	14
455	13
477	12
384	11
453	11
346	10
378	9
478	8
483	8
408	7
476	7
499	7
456	6
472	6
505	6
382	5
441	5
460	5
479	5
487	5
489	5
345	4
361	4
369	4
376	4
435	4
440	4
447	4
448	4
504	4
337	3
340	3
348	3
352	3
370	3
372	3
374	3
390	3
403	3
406	3
411	3
414	3
443	3
449	3
458	3
459	3
473	3
474	3
482	3
496	3
498	3
503	3
508	3
331	2
332	2
333	2
334	2
335	2
338	2
339	2
341	2
342	2
344	2
347	2
349	2
351	2
353	2
354	2
356	2
357	2
358	2
359	2
360	2
362	2
363	2
365	2
366	2
367	2
368	2
371	2
373	2
375	2
377	2
380	2
381	2
383	2
385	2
386	2
387	2
388	2
389	2
391	2
392	2
393	2
394	2
395	2
396	2
397	2
399	2
401	2
402	2
404	2
405	2
407	2
409	2
410	2
413	2
415	2
418	2
419	2
420	2
421	2
424	2
425	2
427	2
428	2
429	2
430	2
433	2
434	2
437	2
438	2
451	2
461	2
462	2
463	2
464	2
465	2
466	2
468	2
469	2
470	2
471	2
481	2
492	2
500	2
506	2
507	2
510	2
512	2
513	2
514	2
515	2
516	2
517	2
518	2
519	2
520	2
521	2
522	2
523	2
524	2
525	2
526	2
527	2
528	2
529	2
530	2
531	2
336	1

